10 10 4
0 0 1 0 1 0 0 0 0 
0 1 1 1 0 1 0 0 1 
0 0 0 0 0 1 1 0 0 
0 0 1 1 0 0 0 0 1 
1 0 0 0 0 0 1 0 1 
0 1 1 0 1 0 0 0 1 
0 1 1 1 1 1 1 0 1 
0 0 0 0 0 0 1 0 1 
1 0 0 0 1 1 1 1 0 
0 1 1 1 1 0 0 0 1 
0 1 0 0 1 0 1 1 0 0 
1 1 0 0 1 0 1 0 1 1 
1 1 1 1 1 1 0 1 0 0 
0 1 0 0 1 1 1 1 0 0 
0 1 0 1 0 1 0 0 1 0 
0 1 1 1 1 0 0 0 1 1 
1 0 0 0 0 1 1 1 1 0 
0 1 0 1 1 0 1 0 0 0 
0 1 0 0 0 0 0 0 1 0 
3
0 2
9 5
3 9
0 1 0 0 1 1 1 0 1 
1 1 1 1 0 1 1 1 0 
0 0 0 0 0 0 1 0 0 
1 1 1 1 1 0 0 0 1 
0 0 0 1 0 0 0 0 0 
1 0 0 1 1 1 1 0 0 
0 0 1 0 1 0 1 0 1 
0 0 1 0 0 1 0 1 0 
1 0 1 0 0 0 1 0 0 
0 1 0 1 1 0 0 1 1 
0 0 1 1 0 0 0 0 0 0 
0 1 0 0 1 0 0 1 0 1 
1 1 0 0 0 1 1 1 0 0 
0 0 0 1 1 1 1 0 1 1 
1 1 1 0 0 1 1 1 1 0 
0 0 1 1 0 0 0 1 0 1 
0 1 1 0 1 1 0 0 1 0 
0 0 1 0 1 1 1 0 0 1 
1 0 0 0 0 0 1 1 0 0 
9
1 1
2 1
0 3
1 3
9 6
2 7
5 7
7 9
8 9
1 0 0 0 1 1 1 1 0
0 1 1 1 1 0 0 0 1
1 0 1 0 0 0 0 0 0
1 0 1 1 1 1 1 1 0
1 0 0 0 1 0 1 1 0
1 0 1 0 0 0 0 0 1
1 0 0 0 0 1 1 0 0
0 0 1 1 0 0 0 0 0
1 0 0 1 0 1 1 1 0
0 0 0 0 1 0 1 0 0
0 1 0 0 0 0 0 0 1 0
0 0 0 1 0 1 1 0 1 0
0 1 1 1 1 0 0 0 0 1
1 1 0 0 0 1 1 1 1 0
0 1 0 0 1 0 1 0 1 0
0 0 1 1 1 1 0 0 1 0
0 0 1 0 1 1 1 1 1 1
1 1 0 1 0 1 0 0 1 1
0 0 1 1 0 1 0 0 1 0
3
9 7
0 4
6 0
1 1 0 0 1 1 0 1 0
0 0 1 0 0 0 1 0 1
0 1 0 1 0 0 1 0 0
1 0 1 0 1 0 1 0 0
0 0 1 1 1 1 0 0 1
0 0 0 0 0 1 0 0 0
1 0 0 0 1 1 1 1 1
0 0 1 0 0 0 0 0 0 
0 1 1 1 0 1 1 1 1
1 0 1 1 1 0 0 1 0
0 0 1 1 0 0 0 0 0 1
1 0 0 1 1 1 0 1 0 0
0 1 0 0 1 1 0 1 1 0
1 0 1 0 0 0 1 1 0 0
0 1 1 1 1 0 0 1 1 1
1 1 0 1 1 1 1 0 0 0
0 0 1 1 1 0 0 0 1 1
1 0 1 0 0 1 0 0 1 0
0 0 0 0 0 0 1 1 0 0
9
8 8
7 8
9 6
8 6
0 3
7 2
4 2
2 0
1 0